155
263,284
284
358
44
266,274
200
374,369
264,363
264
378,303bis,45
48,284
341,303bis
212
245,342
79,281
361
253,406,342
354,44,110
48
279,155
167,284,44
185
110
367,45
187,212
78,52
365,336,78
406
264,251
502
52
263
264,79
367,349
44
249
349
155,336,187
274
365,264
354
110,170
52,348
44,78,52,270
379a,310
349,284,45
284,406
363
339,167
349,184,191,270
185
270,303
368,379a
363
245,274
363
270,245
249,253
284,352
502,436
264,406
253,385,303bis
185
303bis,362
254,244
90
212,270
167,285
185
44
264,279
355
353
352
335
349
187
191,167
90,363
185
170,245
155,79
342,160,212,339
385
89
200,191,167,363
263
365
436
79,253
365,254
263
89,45
242,49,339,185,294
352,266
294,406,279
184,284
363,245,49
45,352
167
270,284
110
78
167,185
349
352,170,242
284,167,45,354,349,406
341
191
266,436
349,289
45
379a,167
44
79
378
187
253
187
270,406
155,48
89,349
349,285,303,44
270,167,184
253,274
367,352
358,303bis,342,481
349
253,352
294
110,335
317,349,200,191,155
185
367
244,167
369,274
110,379a
44
249
90
349,155
253,251
311
270,368
167
481,406
406
207
365
362
274
167
201
187
406
436,284
284
251
251,264
481
155,44
502
284
289,270
155
45,167
367
352
244,363,79
263,78
45
191,385,155,254,49,287
341
212
352
374,251
355,385,349
270
502
155
270,90
45,270
284,303
244,303
385,284
303,155
200
89
353,110
279,303
368,303,52,45,349
303
352,187,379a
369
481
363
349
480
188,200,285
52,363
336
89
170,110
167,303,279
170,249
264,303bis,481
263,342
358,480
242,281
287,385,44,49
287
365
372,48
368,44,349,212
335,185,285
79,284
45
358
363,110
200
45
365,167,78
266,365,245
155
254,389
284,281,167
285,170,90,303bis
187,363
251
424,303,284
90
481
274,287,167
339,303
270
388
266
284,303
187
52
251
502
303bis,279
45
294
336
49,187,52,303
155,303bis,303
212
187,363
48
406,270
264
368
181,155,45,253,339
227,78,254
303,406
110,197
363,45,110,358,502,254
406,311
155,335
78,49
270,167
45,341,349
352,110,187
270
155
352
342
303bis,294,78,167,367,284
284,349,385
244,481
155
187
110,365
336,341,110
365,342,351
339
349
167
45,167
187
342
353
335,349
90,110
289
110
342,49
44,369
317,249
365
167
263,424
284
266,254
303
335
317,303bis,368
242,264
303,365
167,45
89,167
44
254,368
207,251
368
316,167
45,167
303,363
187,274
365,369
155,79,303
52,303bis
284
187
352,263
191,249
44,294
264
78
244,502
185,45,242
270,187
365
274,191
44,79
316
303
45,352
339
363,110
266,349
185
310
339,379a
167
242
365,284
79
251
49,244
200
303
339
303,287
342
480,254,339
353,339,287
45
353,339,287
336,253,349,480
155,352,406
352,279
480
284,78
270,253
264,187
89
481,284
365
167
155
90,336
249,245
363,294
352
251
263,480,79
287,349
197
336
155,274
266,45,110
284
185,284
185
303
251,284
284
274,254,52,270
167,155
167
254,388
287
303
365
187
342,185
281,167,363
303,406,191
167,369
385,310
185
289
303
167,284
254,352
263
481
155
184
481
284,406
167,367
367,284
167,424
368
110
200
110
358
363
358
353
354
285
270
270
266,45
274,266
335,406
242,284
353
253
200
200
369,253
374,90
369,253
369,253
303,264
303,264
374,363
363,155
264
264
264
254
284,242,424
436,45,281
287,336,242
303bis,436,45
48,284
349,311
349,311
294,284
44,207
287,44
369,167
270,367
363
284
316
187
367,242
367,242
367,242
367,242
368,167
368,167
368,167
336,167
361
270
361
363
253,406,342
303,254,187
342,155,303
303,254,187
354,44,110
406,369,44
354,44,110
354,44,110
342
303bis
365
110
110,279
374,279
279,284
279,284
167,480,352
167,284,44
480,352,349
167,284,44
185
155
481
185
155
155
254
385
45,361
367,45
45,361
45,361
212,335
212,335
187,424
187,212
284,78
284,78
385,52
52,284
365,191,284
270,316,285
365,336,78
284,351,349
352
167
502
266
349,310
264,251
310,110
79,110
303
303
197
191
352
52
365
52
264
227
264
436
385,274
264,284
110,253
110,253
367,349
367,349
187,200
367,349
352
502
480
480
187
502
368
502
167
284
160
379a
155,336,187
336,187,389
155,336,187
502,480,52
242
303
303
264
374,365
264,311
264,311
365,311
354
191
342
49
264,197
352,187
264,197
342,338
49,155
346,342
363,348
335,342
78,52,270,316
167,78,52,270
270,167,49,78
316,78,44,254
253,361
361,379a
254,349
361,379a
45,191,349
270,155,264
303,270,274
270,303,274
284,79
284,342
363,349
79,349
363
363
363
363
339,167
389,167
303bis,339
389,167
284,436,185,349
188,201,183,361
342,181,188,201
281,367,155,502
349
349
349
360
284,349
284,349
378,284
284,349
200,270
379a,367
270,187
379a,367
200
365
191
274
187,253
363,45
245,274
270,245
389
363
406
155
270,245
361,270
284,270
245,342
242,365
249,253
249,242
245,368
284,352
279,424
369,279
284,352
502,436
52,167
385,90
191,264
191,339
406,274
191,339
406,274
187,335,303bis
303bis,352,52
110,406,264
335,303bis,110
363
355
316
270
289,368
368,264
303bis,362
303bis,362
90,274
310,90
254,244
90,274
363
270
316
363
289,185
270,289
270,90
212,270
336,349
355,365
110,270
78,303
185
44
358
349
358
44
78
110
155,279
279,49
191,372
279,49
355
197
341
355
90
270
358
155
352
355
352
263
385
335
335
335
349
264
284
284
311
155
352
155
406,351
263,167
351,78
362,254
363,155
353,197
341,353
341,353
406
406
406
406
244,481
244,481
315,167
365,167
79,249
264,279
79,249
264,279
185,368,44,385
160,212,349,342
285,184,284,187
212,349,342,89
365
385
79
284
191
191
406
365
284,363,341,212
197,200,191,167
200,191,167,363
200,289,191,167
253
368
253
263
44
365
352
352
367
284
285
78
266,369
336,284
406,279
336,284
317,363
49,303
365,263
44,110
263
263
110
110
270,310
266,264
155,264
284,264
303bis,279,49,253,316
303bis,436,279,49,253
284,227,167,374,385
294,242,167,253,45
352,266
352,266
352,187
352,187
406,191,294
281,406,191
294,266,44
294,279,284
365,170
303bis,289
184,284
354,170
90,285,365
183,303bis,49
79,315,363
155,79,363
352,303
352,303
352,49
352,303
279
245
167
279
49,244
284,264
365,264
249,352
110
266
303bis
303bis
254
78
339
352
361,167
361,167
361,167
361,167
342
342
264
367
170,167,79
352,167,365
167,303,187
170,352,155
352,155,185,110,184,336
155,167,281,353,185,191
155,167,281,353,191,336
184,284,167,45,354,349
110
358
358
110
197
191
191
363
266,436
263,212
266,436
351,303bis
49,354
349,289
362,335
285,294
45
266
264
45
245,379a
379a,167
379a,167
379a,167
48
167
342
167
406
363
79
406
328
328
49
310
187
264
264
266
167
270
167
167
45
170
351
187
270,365
270,358
281,303
270,358
317,303bis
48,317
317,303bis
48,317
89,303
89,303
44,406
170,185
242,200,191,424
342,341,266,284
336,281,266,328
242,200,340,184
363,284,184
284,369,78
185,90,336
361,368,349
481,406
406,289
336,328
336,328
481,185
481,185
352,79
155,79
270,191,155,502
270,185,341,191
155,502,303bis,358
358,270,48,310
349
349
79
349
303,270
44,303
303,270
253,352
285
281
263
281
187,110
185,368
187,110
363,317
45,385,187,317,167
200,406,270,355,385
385,187,167,183,44
362,254,253,184,424
200
191
368
264
191
349
264
367
44,167
185,167
185,167
242,185
110,284
110,335
406,89
170,167
253,352
110,251
110,251
110,251
44
45
184
284
45
249
385
249
197
45
355
355
155,185
155,185
352,191
155,185
79,303
187,79
249,191
244,406
481
385
352
385
44,389
349,44
44,389
270,368
45
167
45
45
367,406
367,406
352,481
352,481
274
349
342
368
167
207
303bis
317
365
424
336
336
187
362
187
352
367
167
367
363
197
339
365
365
167
167
270
303
242
49
49
187
424
254
365
365
187,284
436,284
284,110
187,284
284
284
44
284
251
251
251
251
244,167
284,303
244,167
251,167
187
187
481
187
155,44
167,44
368,167
44,167
251
251
266
363
245
284
78
78
185,44
349,90
406,185
270,184
201
45
406
359
303,385
227,167
227,341
45,167
167
367
365
367
155
352
352
45
227,244,363
244,363,79
266,227,244
110,79,363
263,78
263,78
263,78
263,78
254
45
270
270
385,352,369,167,254,155
49,352,167,336,191,385
45,191,49,336,287,254
263,342,336,270,340,191
367
367
44
49
358
358
303
45
365
279
284
279
266,352
266,352
352,342
352,342
289,52,48
317,365,170
336,90,182
182,424,362
303
303
270
270
245
406
406
52
365
185
287
78
167,342
251,284
342,49
167,251
270,263
270,263
270,263
335,263
349,212
342,310
110,368
365,342
349,335
349,335
349,335
303bis,349
284,349
284,349
385,284
284,349
266,263
303,266
266,263
266,303
352
303
303
363
167
167
78
368
358,336
341,155
270,341
388,200
167,155
155,253
155,253
287,363
294,303,363,52,368
363,52,49,110,45
294,352,367,167,52
365,45,48,167,303
52
270
167
264
352,187,379a
242,187,352
352,187,379a
367,480,363
44
303
264
342
369
379a
379a
369
44
44
363
184
336
79
372
358
270
253
167
264
363,110,188
363,110,188
285,200,201
368,362,340
270,45
303,481
303,481
254,336
362
336
44
379a
170
89
339
167
110,167
502,184
284,270
110,167
363,45,279
170,363,289
167,303,279
167,303,279
184,363
342,303
170,303
266,191
253,284,160
191,251,368
191,251,110
264,303bis,481
263,342
263,342
263,342
263,342
274,254
254,170
254,170
254,170
242,281
110,251
281,349
264,254
294,436,49,167
284,348,346,339
294,363,155,348
287,167,155,365
110
367
78
436
187
342
249
245
294,436
110,264
185,279
303,287
249,155,264,274
249,155,264,274
249,155,264,274
270,481,254,249
480,335,311
342,349,264
342,480,481
335,311,385
242,502
45,89
110,187
45,90
155
303
274
303
303
45
185
249
167,363
270,274
270,274
245,342
160
200
187
79
251
367
367
367
155,294,270
264,242,263
365,378,270
369,227,287
251,187,365
303,251,187
245,365,284
266,245,365
185
266
191
78
155,352
155,352
155,167
264,406
110,368,254
424,389,253
167,185,285
339,368,424
342,263,227,369
303bis,342,294,170
89,187,341,294
89,187,294,170
310,352
187,185
187,274
349,365
352
352
270
270
303,287,187
187,284,155
363,284,341
303,287,187
342
197
155
303
110
341
481
363
341,155,367
367,45,363
385,45,341
341,367,155
363,365
341,406
52,49
424,52
270
424
363
303
340
342
303bis
303bis
253
263
372
266
284,349
281,358
349,78
358,79
187
187
187
187
78
274
352
52
270
264
44
191
249
361
361
349
227,303bis
303bis,185
303bis,279
110,303bis
342
155
155
155
303
303
44
44
185
185
363
227
336,368,187,502
254,245,363,349
317,365,49,336
339,254,110,270
281,389,200
342,49,78
78,185,285
303bis,352,303
266
251
385
266
264,155
155,481
363,303
303,187
294
368
311
289
352,406
270,185
78,361
44,360
378
251
385
110
270
363
184
363
342,254,424,184,181
167,368,187,263,389
424,167,368,374,263
187,185,181,263,281
170,284,335
52,279,170
264,78,52
270,170,284
191,110
44,342
481,191
368,284
274,200
110,200
197,360
284,341
253,227,187,254,502,284
253,227,254,45,294,502
363,341,79,294,184,245
187,79,294,245,254,266
167,406
45,167
352,45
167,264
424,185
342,191
254,349
155,185
266,78
44,245
44,187
365,266
52,254
167,52
378,110
303,368
365,266,342
274,264,303
266,78,264
274,365,264
424,110,187
155,352,187
263,406,187
110,406,368
155
287
303
339
254
352
266
352
253
79
266
253
264
264
110
45
303bis,78,167,294,502,266
367,303bis,78,167,294,502
303bis,78,167,341,294,502
303bis,78,167,341,294,502
361,365,187
245,187,349
502,155,167
155,167,361
481,78
481,78
502,244
244,481
254
155
270
264
342
342
303
342
303,363
155,249
315,245
249,368
352,284,358
200,352,187
352,200,110
170,200,352
294,342,352
369,294,289
90,365,316
184,285,170
339
358
342
270
367
367
266
365
170
317
155
360
388,45
160,45
348,187
388,349
52
385
187
155
365
352
289
363
353
49
49
358
78,200
340,78
303,110
197,187
284,110
110,317
284,110
284,110
52
251
49
191
155
49
342
45
44,45
481,45
45,341
45,52
369,266
363,245
274,253
187,352
363,78
245,363
363,78
342,254
502
385
264
502
45
201
372
167
244,185
244,263
249,110
249,244
160
167
242
378
110,254
270,316
270,316
110,279
155
45
155
315
341
187
187
341
368,254,45
311,424,303bis
253,45,303
253,45,303
339,379a
303bis,363
251,110
379a,336
284,110
167,187
79,242
155,352
167,352
253,44
363,242
155,242
270,303
270,336
270,336
270,303
44
270
270
365
254,44
342,227
254,358
254,358
363,78
284,352
284,352
49,352
316
389
89
167
367,349
253,45
245,481
45,367
78,266
244,303
341,78
341,78
253,266
253,266
187,289
197,191
89,187
45,317
341,245
78,249
89,253
187,254
254,264
187,365
363,365,264
242,303bis,316
167,363,365
253,363,242
367,365
367,284
155,367
49,155
188
284
45
200
303
339
45
185
266,385
303,187
352,263
284,155
110,187
352,264
249,274
389,52
251,167
365,45
155,365
79,155
274
185
251
251
363
266
339
339
481,502
244,368
481,244
253,270
242,365,185
303,242,185
303,317,363
110,311,45
270,352
270,44
187,110
110,270
363
167
363
167
317,274
365,408
365,408
45,349
187,349
406,363
187,349
363,187
316
316
167
342
303
242
363
303
45,352
187,352
303,44
274,79
349
44
44
45
253,242
352,365
187,89
303,167
253,349
303,270
303,263
155,303
303
266
274
110
270
303
187
284
287,342
242,254
352,389
49,352
264
339
349
342
481
242
481
481
79,52
284,365
406,52
274,270
264
79
185
185
251
251
251
251
110,342
480,342
480,270
374,342
385
187
502
207
270
264
49
263
365
253
339
303
385,303
374,385
336,254
374,266
251
352
253
254
339,365,480
480,336,303
328,362,303
363,389,89
339,354,184
353,303,155
358,78,336
335,358,78
45
303bis
303bis
45
339,354,184
78,303,353
358,78,353
363,358,185
303,253,480,352
253,480,212,263
253,480,191,212
270,253,480,191
155,167,303
155,110,253
352,335,481
361,45,167
352,279
363,274
279,155
335,187
480
480
155
78
155,266
342,155
78,155
44,358
263,253
263,253
187,303
263,270
264,254
264,254
285,110
368,187
303
363
45
368
406,303
368,303
481,284
184,303
303
254
365
167
185
167
365
284
245
45
245
339
359,349
316,342
270,303bis
188,201
79,245
358,167
167,385
244,264
303,270
266,303
502,266
294,303
266
78
481
372
183
191
207
191
185,245,263
266,249,245
245,79,244
245,110,185
44,342
263,349
44,342
44,342
342
349
368
368
368
254
368
368
284,349
352,155
187,363
352,155
266,155,379a
251,266,155
45,481,251
379a,317,341
284
365
365
110
311,352
311,44
184,185
284,167
368
49
244
385
254
45
242
315
349,270
251,284
251,284
110,502
349
379a
110
385
187,253,155,52
44,187,303,155
44,253,155,52
44,363,52,187
365,352
187,167
187,167
352,45
242
110
167
155
263,254
167,365
303bis,367
502,367
264
287
352
287
110
294
294
187
212
365
284
341
229
339
363
167
342,167
342,167
79,184
79,184
315,317,185
368,281,167
315,303bis,317
360,365,315
317,303,406
242,317,191
303,406,191
303,187,406
167,481
251,369
167,352
167,352
352,245
155,264
361,187
361,284
167
187
184
245
353
197
197
284
349
242
274
187
170,249
167,284
49,244
279,352
436,365
187,352
254,352
242,78
249
187
317
45
