363
264,266
351
351
351
167,385
351
372,378
372,378
385
317,311,310
372,378
311,310
170
372,378
365,363
362
378,264,266
378,372,266
351
378,372
378,372,222
372
263
378,372
372,378
372,378
200,187,170
340
378,372
363
263
378
170,351
360,359
303
406
406
378,372,385
385
372,378
359
365,363
285,289
379a,378,372,253
378,372
170,502,406
378,372
310
374,372
338,170,335,336
351
372,374
363,480
406
374,378
263
378,372
263,79
264,266
378,372
365,363
378,372,167
351
378,372
378,372
351
170,351
170,351
351
303
389,406
310
170
310
365
310
385
363,480
352,351
191
266,263
378,372
340,338,170,351
368
263
351,184,185,49
362
406
406
263,167
310,311
378
374,372
340,338,170,263,266
378,372
311,316,310
351,335
340,338,351
378,372
378
378,372
378
481
372,378
263
266,263,385
170,351,358,48,49,90
351
310
378,372
363,365
378
378,372
378
263
406
310
335
406
170,351
378,372
340,338
338,351,170,90
328,170,351
363,362
372,378
340,338,242,181
363
378,372
406
263,372
340,338,170,351,358
406
303
378,372
365,363
378,372
351
303
340
378,372
374,372
363
374,372
374
263,78
480
406
212
372
263
263
359
263
263
378,372
359
362
372,378
374
378,372
303
303
170,251
187
378,372
362
279
372,378,44
372,378
378
368,362,365,335,89,170
359
284
351
378,372
353,351,352
378
374
436
374,372
362,372
336,335
378,372
378,372
372,378
406
335
170,351
266,263
336,335,311,317,310
406
266,263,79
335
378
378
303
279
365,339,170
187,170
363
365
338,351
368,353,351
351,359
207,315,270
378,372
378,372
362,363
285,289,281,335
279
303
289,285
170,351,352,335
212,44,182
266,263
279
480
242,378
303
335
266,372,385
340,338,351
188
372,378
353,351,335
340,338,354,353
170,351
372
183,263,184
351
378
263,279,284
335,167
372
378
245
359,360
363
303
303
365
378,372
378
287
284
340,338,353,351
170,351,358
279
378,372
363
170,351
372
310
340,338,355,353,170
372,367,362
340,263
367,242
339,338,365,48,49,44
378,372
170,351
374,362
340,338
359,361,263
378,372,385
378
378
303
303
338,351,44,45,48,49
340,338,351
372,378
187
363
266,263
340,338,355
346,348,349
365
311
408
170,338
362
378
170
188,155
378,372
368
266
378,372
372,378
372,378
362
359
372,378
310
378,372
263
359
374,378,372
372,385
170,406
266,263
200,201
374
281,335
374,372
263
266,263
378,372
388,351
340,338
249,245
385,372,266
187,170
359
363
170,406
372,374
197,263
363
372
110,106
266,263,372
170,406
263
359,52
284,285
263
263
311,310
363
266,263
372,378
362
311
279,284
372
363
374,362
284
284
378,372
310
378
263
369,368
362
264,266,263
338,170,351
363
338,170,351
340,338,353,351
285,289,294
170,406
266
340,338
362,374
170,406
351
170,351
263
170
385
170,351
303,303bis
341,181
303
303
374,372,378
378,372
285
363
170,406
374,372,378
374
378,372
378
266
303,303bis
363
263,264,372,378
263,266
274
362,374
351
363
351
263
378,372
385,266,263
263,378,372
378,372
372,374
310
351
227
378,372
263,266
374
363
363
363
363
264,266
264,266
264,266
264,266
351
351
351
351
351
351
351
351
351
351
351
351
167,385
167,385
167,385
167,385
351
351
351
351
372,378
372,378
372,378
372,378
372,378
372,378
372,378
372,378
385
385
385
385
317,311,310
317,311,310
317,311,310
317,311,310
372,378
372,378
372,378
372,378
311,310
311,310
311,310
311,310
170
170
170
170
372,378
372,378
372,378
372,378
365,363
365,363
365,363
365,363
362
362
362
362
378,264,266
378,264,266
378,264,266
378,264,266
378,372,266
378,372,266
378,372,266
378,372,266
351
351
351
351
378,372
378,372
378,372
378,372
378,372,222
378,372,222
378,372,222
378,372,222
372
372
372
372
263
263
263
263
378,372
378,372
378,372
378,372
372,378
372,378
372,378
372,378
372,378
372,378
372,378
372,378
200,187,170
200,187,170
200,187,170
200,187,170
340
340
340
340
378,372
378,372
378,372
378,372
363
363
363
363
263
263
263
263
378
378
378
378
170,351
170,351
170,351
170,351
360,359
360,359
360,359
360,359
303
303
303
303
406
406
406
406
406
406
406
406
378,372,385
378,372,385
378,372,385
378,372,385
385
385
385
385
372,378
372,378
372,378
372,378
359
359
359
359
365,363
365,363
365,363
365,363
285,289
285,289
285,289
285,289
379a,378,372,253
379a,378,372,253
379a,378,372,253
379a,378,372,253
378,372
378,372
378,372
378,372
170,502,406
170,502,406
170,502,406
170,502,406
378,372
378,372
378,372
378,372
310
310
310
310
374,372
374,372
374,372
374,372
338,170,335,336
338,170,335,336
338,170,335,336
338,170,335,336
351
351
351
351
372,374
372,374
372,374
372,374
363,480
363,480
363,480
363,480
406
406
406
406
374,378
374,378
374,378
374,378
263
263
263
263
378,372
378,372
378,372
378,372
263,79
263,79
263,79
263,79
264,266
264,266
264,266
264,266
378,372
378,372
378,372
378,372
365,363
365,363
365,363
365,363
378,372,167
378,372,167
378,372,167
378,372,167
351
351
351
351
378,372
378,372
378,372
378,372
378,372
378,372
378,372
378,372
351
351
351
351
170,351
170,351
170,351
170,351
170,351
170,351
170,351
170,351
351
351
351
351
303
303
303
303
389,406
389,406
389,406
389,406
310
310
310
310
170
170
170
170
310
310
310
310
365
365
365
365
310
310
310
310
385
385
385
385
363,480
363,480
363,480
363,480
352,351
352,351
352,351
352,351
191
191
191
191
266,263
266,263
266,263
266,263
378,372
378,372
378,372
378,372
340,338,170,351
340,338,170,351
340,338,170,351
340,338,170,351
368
368
368
368
263
263
263
263
351,184,185,49
351,184,185,49
351,184,185,49
351,184,185,49
362
362
362
362
406
406
406
406
406
406
406
406
263,167
263,167
263,167
263,167
310,311
310,311
310,311
310,311
378
378
378
378
374,372
374,372
374,372
374,372
340,338,170,263,266
340,338,170,263,266
340,338,170,263,266
340,338,170,263,266
378,372
378,372
378,372
378,372
311,316,310
311,316,310
311,316,310
311,316,310
351,335
351,335
351,335
351,335
340,338,351
340,338,351
340,338,351
340,338,351
378,372
378,372
378,372
378,372
378
378
378
378
378,372
378,372
378,372
378,372
378
378
378
378
481
481
481
481
372,378
372,378
372,378
372,378
263
263
263
263
266,263,385
266,263,385
266,263,385
266,263,385
170,351,358,48,49,90
170,351,358,48,49,90
170,351,358,48,49,90
170,351,358,48,49,90
351
351
351
351
310
310
310
310
378,372
378,372
378,372
378,372
363,365
363,365
363,365
363,365
378
378
378
378
378,372
378,372
378,372
378,372
378
378
378
378
263
263
263
263
406
406
406
406
310
310
310
310
335
335
335
335
406
406
406
406
170,351
170,351
170,351
170,351
378,372
378,372
378,372
378,372
340,338
340,338
340,338
340,338
338,351,170,90
338,351,170,90
338,351,170,90
338,351,170,90
328,170,351
328,170,351
328,170,351
328,170,351
363,362
363,362
363,362
363,362
372,378
372,378
372,378
372,378
340,338,242,181
340,338,242,181
340,338,242,181
340,338,242,181
363
363
363
363
378,372
378,372
378,372
378,372
406
406
406
406
263,372
263,372
263,372
263,372
340,338,170,351,358
340,338,170,351,358
340,338,170,351,358
340,338,170,351,358
406
406
406
406
303
303
303
303
378,372
378,372
378,372
378,372
365,363
365,363
365,363
365,363
378,372
378,372
378,372
378,372
351
351
351
351
303
303
303
303
340
340
340
340
378,372
378,372
378,372
378,372
374,372
374,372
374,372
374,372
363
363
363
363
374,372
374,372
374,372
374,372
374
374
374
374
263,78
263,78
263,78
263,78
480
480
480
480
406
406
406
406
212
212
212
212
372
372
372
372
263
263
263
263
263
263
263
263
359
359
359
359
263
263
263
263
263
263
263
263
378,372
378,372
378,372
378,372
359
359
359
359
362
362
362
362
372,378
372,378
372,378
372,378
374
374
374
374
378,372
378,372
378,372
378,372
303
303
303
303
303
303
303
303
170,251
170,251
170,251
170,251
187
187
187
187
378,372
378,372
378,372
378,372
362
362
362
362
279
279
279
279
372,378,44
372,378,44
372,378,44
372,378,44
372,378
372,378
372,378
372,378
378
378
378
378
368,362,365,335,89,170
368,362,365,335,89,170
368,362,365,335,89,170
368,362,365,335,89,170
359
359
359
359
284
284
284
284
351
351
351
351
378,372
378,372
378,372
378,372
353,351,352
353,351,352
353,351,352
353,351,352
378
378
378
378
374
374
374
374
436
436
436
436
374,372
374,372
374,372
374,372
362,372
362,372
362,372
362,372
336,335
336,335
336,335
336,335
378,372
378,372
378,372
378,372
378,372
378,372
378,372
378,372
372,378
372,378
372,378
372,378
406
406
406
406
335
335
335
335
170,351
170,351
170,351
170,351
266,263
266,263
266,263
266,263
336,335,311,317,310
336,335,311,317,310
336,335,311,317,310
336,335,311,317,310
406
406
406
406
266,263,79
266,263,79
266,263,79
266,263,79
335
335
335
335
378
378
378
378
378
378
378
378
303
303
303
303
279
279
279
279
365,339,170
365,339,170
365,339,170
365,339,170
187,170
187,170
187,170
187,170
363
363
363
363
365
365
365
365
338,351
338,351
338,351
338,351
368,353,351
368,353,351
368,353,351
368,353,351
351,359
351,359
351,359
351,359
207,315,270
207,315,270
207,315,270
207,315,270
378,372
378,372
378,372
378,372
378,372
378,372
378,372
378,372
362,363
362,363
362,363
362,363
285,289,281,335
285,289,281,335
285,289,281,335
285,289,281,335
279
279
279
279
303
303
303
303
289,285
289,285
289,285
289,285
170,351,352,335
170,351,352,335
170,351,352,335
170,351,352,335
212,44,182
212,44,182
212,44,182
212,44,182
266,263
266,263
266,263
266,263
279
279
279
279
480
480
480
480
242,378
242,378
242,378
242,378
303
303
303
303
335
335
335
335
266,372,385
266,372,385
266,372,385
266,372,385
340,338,351
340,338,351
340,338,351
340,338,351
188
188
188
188
372,378
372,378
372,378
372,378
353,351,335
353,351,335
353,351,335
353,351,335
340,338,354,353
340,338,354,353
340,338,354,353
340,338,354,353
170,351
170,351
170,351
170,351
372
372
372
372
183,263,184
183,263,184
183,263,184
183,263,184
351
351
351
351
378
378
378
378
263,279,284
263,279,284
263,279,284
263,279,284
335,167
335,167
335,167
335,167
372
372
372
372
378
378
378
378
245
245
245
245
359,360
359,360
359,360
359,360
363
363
363
363
303
303
303
303
303
303
303
303
365
365
365
365
378,372
378,372
378,372
378,372
378
378
378
378
287
287
287
287
284
284
284
284
340,338,353,351
340,338,353,351
340,338,353,351
340,338,353,351
170,351,358
170,351,358
170,351,358
170,351,358
279
279
279
279
378,372
378,372
378,372
378,372
363
363
363
363
170,351
170,351
170,351
170,351
372
372
372
372
310
310
310
310
340,338,355,353,170
340,338,355,353,170
340,338,355,353,170
340,338,355,353,170
372,367,362
372,367,362
372,367,362
372,367,362
340,263
340,263
340,263
340,263
367,242
367,242
367,242
367,242
339,338,365,48,49,44
339,338,365,48,49,44
339,338,365,48,49,44
339,338,365,48,49,44
378,372
378,372
378,372
378,372
170,351
170,351
170,351
170,351
374,362
374,362
374,362
374,362
340,338
340,338
340,338
340,338
359,361,263
359,361,263
359,361,263
359,361,263
378,372,385
378,372,385
378,372,385
378,372,385
378
378
378
378
378
378
378
378
303
303
303
303
303
303
303
303
338,351,44,45,48,49
338,351,44,45,48,49
338,351,44,45,48,49
338,351,44,45,48,49
340,338,351
340,338,351
340,338,351
340,338,351
372,378
372,378
372,378
372,378
187
187
187
187
363
363
363
363
266,263
266,263
266,263
266,263
340,338,355
340,338,355
340,338,355
340,338,355
346,348,349
346,348,349
346,348,349
346,348,349
365
365
365
365
311
311
311
311
408
408
408
408
170,338
170,338
170,338
170,338
362
362
362
362
378
378
378
378
170
170
170
170
188,155
188,155
188,155
188,155
378,372
378,372
378,372
378,372
368
368
368
368
266
266
266
266
378,372
378,372
378,372
378,372
372,378
372,378
372,378
372,378
372,378
372,378
372,378
372,378
362
362
362
362
359
359
359
359
372,378
372,378
372,378
372,378
310
310
310
310
378,372
378,372
378,372
378,372
263
263
263
263
359
359
359
359
374,378,372
374,378,372
374,378,372
374,378,372
372,385
372,385
372,385
372,385
170,406
170,406
170,406
170,406
266,263
266,263
266,263
266,263
200,201
200,201
200,201
200,201
374
374
374
374
281,335
281,335
281,335
281,335
374,372
374,372
374,372
374,372
263
263
263
263
266,263
266,263
266,263
266,263
378,372
378,372
378,372
378,372
388,351
388,351
388,351
388,351
340,338
340,338
340,338
340,338
249,245
249,245
249,245
249,245
385,372,266
385,372,266
385,372,266
385,372,266
187,170
187,170
187,170
187,170
359
359
359
359
363
363
363
363
170,406
170,406
170,406
170,406
372,374
372,374
372,374
372,374
197,263
197,263
197,263
197,263
363
363
363
363
372
372
372
372
110,106
110,106
110,106
110,106
266,263,372
266,263,372
266,263,372
266,263,372
170,406
170,406
170,406
170,406
263
263
263
263
359,52
359,52
359,52
359,52
284,285
284,285
284,285
284,285
263
263
263
263
263
263
263
263
311,310
311,310
311,310
311,310
363
363
363
363
266,263
266,263
266,263
266,263
372,378
372,378
372,378
372,378
362
362
362
362
311
311
311
311
279,284
279,284
279,284
279,284
372
372
372
372
363
363
363
363
374,362
374,362
374,362
374,362
284
284
284
284
284
284
284
284
378,372
378,372
378,372
378,372
310
310
310
310
378
378
378
378
263
263
263
263
369,368
369,368
369,368
369,368
362
362
362
362
264,266,263
264,266,263
264,266,263
264,266,263
338,170,351
338,170,351
338,170,351
338,170,351
363
363
363
363
338,170,351
338,170,351
338,170,351
338,170,351
340,338,353,351
340,338,353,351
340,338,353,351
340,338,353,351
285,289,294
285,289,294
285,289,294
285,289,294
170,406
170,406
170,406
170,406
266
266
266
266
340,338
340,338
340,338
340,338
362,374
362,374
362,374
362,374
170,406
170,406
170,406
170,406
351
351
351
351
170,351
170,351
170,351
170,351
263
263
263
263
170
170
170
170
385
385
385
385
170,351
170,351
170,351
170,351
303,303bis
303,303bis
303,303bis
303,303bis
341,181
341,181
341,181
341,181
303
303
303
303
303
303
303
303
374,372,378
374,372,378
374,372,378
374,372,378
378,372
378,372
378,372
378,372
285
285
285
285
363
363
363
363
170,406
170,406
170,406
170,406
374,372,378
374,372,378
374,372,378
374,372,378
374
374
374
374
378,372
378,372
378,372
378,372
378
378
378
378
266
266
266
266
303,303bis
303,303bis
303,303bis
303,303bis
363
363
363
363
263,264,372,378
263,264,372,378
263,264,372,378
263,264,372,378
263,266
263,266
263,266
263,266
274
274
274
274
362,374
362,374
362,374
362,374
351
351
351
351
363
363
363
363
351
351
351
351
263
263
263
263
378,372
378,372
378,372
378,372
385,266,263
385,266,263
385,266,263
385,266,263
263,378,372
263,378,372
263,378,372
263,378,372
378,372
378,372
378,372
378,372
372,374
372,374
372,374
372,374
310
310
310
310
351
351
351
351
227
227
227
227
378,372
378,372
378,372
378,372
263,266
263,266
263,266
263,266
374
374
374
374
